6
hand_fingernails
 4.960783 0.897195 6.836161
 -0.525081 0.851052 0.000000
 -0.327636 -0.202144 0.922926
 0.785458 0.484611 0.384978
 0.200000 0.150000 5.174538 0
hand_palm
 -6.739497 -14.478714 -5.793190
 0.909141 -0.416488 0.000000
 -0.140787 -0.307320 0.941134
 -0.391971 -0.855624 -0.338034
 0.200000 0.150000 17.374441 0
plane
 1.421623 -2.818387 2.513025
 0.877380 0.479796 -0.000000
 -0.352495 0.644591 0.678417
 0.325502 -0.595230 0.734677
 0.200000 0.150000 4.174345 0
plane both
 2.105176 -4.068370 4.055846
 0.877380 0.479796 -0.000000
 -0.352495 0.644591 0.678417
 0.325502 -0.595230 0.734677
 0.200000 0.150000 6.274344 0
plane both2
 2.333027 -4.485031 4.570120
 0.877380 0.479796 -0.000000
 -0.352495 0.644591 0.678417
 0.325502 -0.595230 0.734677
 0.200000 0.150000 6.974343 0
plane both3
 2.430677 -4.663600 4.790523
 0.877380 0.479796 -0.000000
 -0.352495 0.644591 0.678417
 0.325502 -0.595230 0.734677
 0.200000 0.150000 7.274343 0
